{
  "camera_model": "OPENCV",
  "fl_x": 1111.1110311937682,
  "fl_y": 1111.1110311937682,
  "cx": 400.0,
  "cy": 400.0,
  "w": 800.0,
  "h": 800.0,
  "camera_angle_x": 0.6911112070083618,
  "aabb_scale": 32,
  "frames": [
      {
          "file_path": "raw/000000000.png",
          "transform_matrix": [
              [
                  -0.0729331523180008,
                  -0.004154904745519161,
                  -0.9973281621932983,
                  -3.9908089637756348
              ],
              [
                  -0.9973368644714355,
                  0.0003038394497707486,
                  0.07293251901865005,
                  0.29183948040008545
              ],
              [
                  -2.9103830456733704e-11,
                  0.9999913573265076,
                  -0.004165999125689268,
                  -0.016670245677232742
              ],
              [
                  0.0,
                  0.0,
                  0.0,
                  1.0
              ]
          ]
      },
      {
          "file_path": "raw/000000001.png",
          "transform_matrix": [
              [
                  -0.06279052048921585,
                  -0.003141671884804964,
                  -0.9980217814445496,
                  -3.9920871257781982
              ],
              [
                  -0.9980267286300659,
                  0.00019765723845921457,
                  0.06279020756483078,
                  0.2511608302593231
              ],
              [
                  0.0,
                  0.9999951124191284,
                  -0.003147883340716362,
                  -0.012591533362865448
              ],
              [
                  0.0,
                  0.0,
                  0.0,
                  1.0
              ]
          ]
      },
      {
          "file_path": "raw/000000002.png",
          "transform_matrix": [
              [
                  -0.052634913474321365,
                  -0.0021258313208818436,
                  -0.998611569404602,
                  -3.9933652877807617
              ],
              [
                  -0.9986137747764587,
                  0.00011204826296307147,
                  0.05263479799032211,
                  0.21048220992088318
              ],
              [
                  -1.4551914361005114e-11,
                  0.9999977350234985,
                  -0.002128781983628869,
                  -0.008512822911143303
              ],
              [
                  0.0,
                  0.0,
                  0.0,
                  1.0
              ]
          ]
      },
      {
          "file_path": "raw/000000003.png",
          "transform_matrix": [
              [
                  -0.042469460517168045,
                  -0.0011080113472416997,
                  -0.9990971684455872,
                  -3.9946439266204834
              ],
              [
                  -0.9990977048873901,
                  4.7099139919737354e-05,
                  0.042469438165426254,
                  0.16980358958244324
              ],
              [
                  -3.6379781565704095e-12,
                  0.999999463558197,
                  -0.0011090118205174804,
                  -0.004434110596776009
              ],
              [
                  0.0,
                  0.0,
                  0.0,
                  1.0
              ]
          ]
      },
      {
          "file_path": "raw/000000004.png",
          "transform_matrix": [
              [
                  -0.032297324389219284,
                  -8.884804992703721e-05,
                  -0.9994783401489258,
                  -3.995922327041626
              ],
              [
                  -0.999478280544281,
                  2.8710521746688755e-06,
                  0.03229732811450958,
                  0.1291249692440033
              ],
              [
                  -2.273736618907049e-13,
                  1.0,
                  -8.889442688087001e-05,
                  -0.00035540061071515083
              ],
              [
                  0.0,
                  0.0,
                  0.0,
                  1.0
              ]
          ]
      },
      {
          "file_path": "raw/000000005.png",
          "transform_matrix": [
              [
                  -0.022121652960777283,
                  0.000931023620069027,
                  -0.9997548460960388,
                  -3.9972004890441895
              ],
              [
                  -0.9997552633285522,
                  -2.060082260868512e-05,
                  0.022121645510196686,
                  0.08844633400440216
              ],
              [
                  1.8189892951256392e-12,
                  0.9999995827674866,
                  0.0009312514448538423,
                  0.0037233117036521435
              ],
              [
                  0.0,
                  0.0,
                  0.0,
                  1.0
              ]
          ]
      },
      {
          "file_path": "raw/000000006.png",
          "transform_matrix": [
              [
                  -0.01194562204182148,
                  0.0019509649137035012,
                  -0.999926745891571,
                  -3.998479127883911
              ],
              [
                  -0.9999285936355591,
                  -2.330715324205812e-05,
                  0.011945599690079689,
                  0.04776772856712341
              ],
              [
                  0.0,
                  0.9999980926513672,
                  0.0019511041464284062,
                  0.007802020758390427
              ],
              [
                  0.0,
                  0.0,
                  0.0,
                  1.0
              ]
          ]
      },
      {
          "file_path": "raw/000000007.png",
          "transform_matrix": [
              [
                  -0.0017723810160532594,
                  0.0029703406617045403,
                  -0.9999940395355225,
                  -3.9997572898864746
              ],
              [
                  -0.9999983906745911,
                  -5.264584160613595e-06,
                  0.0017723733326420188,
                  0.007089105434715748
              ],
              [
                  0.0,
                  0.9999955892562866,
                  0.0029703457839787006,
                  0.011880733072757721
              ],
              [
                  0.0,
                  0.0,
                  0.0,
                  1.0
              ]
          ]
      },
      {
          "file_path": "raw/000000008.png",
          "transform_matrix": [
              [
                  0.008399216458201408,
                  0.003990640863776207,
                  -0.9999567866325378,
                  -3.998903274536133
              ],
              [
                  -0.999964714050293,
                  3.351943814777769e-05,
                  -0.008399149402976036,
                  -0.03358883783221245
              ],
              [
                  0.0,
                  0.9999920725822449,
                  0.003990781959146261,
                  0.015959441661834717
              ],
              [
                  0.0,
                  0.0,
                  0.0,
                  1.0
              ]
          ]
      },
      {
          "file_path": "raw/000000009.png",
          "transform_matrix": [
              [
                  0.018574606627225876,
                  0.005010754801332951,
                  -0.9998148679733276,
                  -3.9975996017456055
              ],
              [
                  -0.9998274445533752,
                  9.308886365033686e-05,
                  -0.018574373796582222,
                  -0.07426665723323822
              ],
              [
                  -7.275957180502557e-12,
                  0.9999875426292419,
                  0.0050116186030209064,
                  0.02003815397620201
              ],
              [
                  0.0,
                  0.0,
                  0.0,
                  1.0
              ]
          ]
      },
      {
          "file_path": "raw/000000010.png",
          "transform_matrix": [
              [
                  0.028750862926244736,
                  0.006029707379639149,
                  -0.9995684027671814,
                  -3.996295213699341
              ],
              [
                  -0.9995865821838379,
                  0.000173430991708301,
                  -0.028750339522957802,
                  -0.1149444505572319
              ],
              [
                  0.0,
                  0.9999818801879883,
                  0.006032200530171394,
                  0.024116862565279007
              ],
              [
                  0.0,
                  0.0,
                  0.0,
                  1.0
              ]
          ]
      },
      {
          "file_path": "raw/000000011.png",
          "transform_matrix": [
              [
                  0.038924820721149445,
                  0.007046862505376339,
                  -0.9992172718048096,
                  -3.9949913024902344
              ],
              [
                  -0.9992421269416809,
                  0.0002745059027802199,
                  -0.038923852145671844,
                  -0.15562225878238678
              ],
              [
                  0.0,
                  0.9999752044677734,
                  0.007052206434309483,
                  0.028195573017001152
              ],
              [
                  0.0,
                  0.0,
                  0.0,
                  1.0
              ]
          ]
      },
      {
          "file_path": "raw/000000012.png",
          "transform_matrix": [
              [
                  0.04909331351518631,
                  0.008061585016548634,
                  -0.9987615942955017,
                  -3.993687152862549
              ],
              [
                  -0.9987941980361938,
                  0.00039624772034585476,
                  -0.04909171164035797,
                  -0.19630004465579987
              ],
              [
                  0.0,
                  0.9999675154685974,
                  0.00807131640613079,
                  0.032274279743433
              ],
              [
                  0.0,
                  0.0,
                  0.0,
                  1.0
              ]
          ]
      },
      {
          "file_path": "raw/000000013.png",
          "transform_matrix": [
              [
                  0.05925320088863373,
                  0.009073242545127869,
                  -0.9982017874717712,
                  -3.9923830032348633
              ],
              [
                  -0.9982429146766663,
                  0.0005385650438256562,
                  -0.059250760823488235,
                  -0.23697787523269653
              ],
              [
                  5.820765050512655e-11,
                  0.9999587535858154,
                  0.009089212864637375,
                  0.03635299205780029
              ],
              [
                  0.0,
                  0.0,
                  0.0,
                  1.0
              ]
          ]
      },
      {
          "file_path": "raw/000000014.png",
          "transform_matrix": [
              [
                  0.06940370798110962,
                  0.010085450485348701,
                  -0.9975376725196838,
                  -3.9894001483917236
              ],
              [
                  -0.9975886344909668,
                  0.0007016595918685198,
                  -0.06940016895532608,
                  -0.2775484621524811
              ],
              [
                  -1.1641531488804091e-10,
                  0.9999489188194275,
                  0.010109827853739262,
                  0.04043170437216759
              ],
              [
                  0.0,
                  0.0,
                  0.0,
                  1.0
              ]
          ]
      },
      {
          "file_path": "raw/000000015.png",
          "transform_matrix": [
              [
                  0.07955140620470047,
                  0.011096671223640442,
                  -0.9967689514160156,
                  -3.9855189323425293
              ],
              [
                  -0.9968307614326477,
                  0.0008855623309500515,
                  -0.0795464739203453,
                  -0.3180616497993469
              ],
              [
                  -5.820766091346741e-11,
                  0.9999380707740784,
                  0.011131949722766876,
                  0.044510409235954285
              ],
              [
                  0.0,
                  0.0,
                  0.0,
                  1.0
              ]
          ]
      },
      {
          "file_path": "raw/000000016.png",
          "transform_matrix": [
              [
                  0.08969414234161377,
                  0.012104230932891369,
                  -0.9958958029747009,
                  -3.981637716293335
              ],
              [
                  -0.9959693551063538,
                  0.0010900722118094563,
                  -0.0896875187754631,
                  -0.35857486724853516
              ],
              [
                  -1.1641531488804091e-10,
                  0.9999262094497681,
                  0.012153214775025845,
                  0.04858911782503128
              ],
              [
                  0.0,
                  0.0,
                  0.0,
                  1.0
              ]
          ]
      },
      {
          "file_path": "raw/000000017.png",
          "transform_matrix": [
              [
                  0.09982875734567642,
                  0.013107496313750744,
                  -0.9949182868003845,
                  -3.9777565002441406
              ],
              [
                  -0.9950045943260193,
                  0.001315074390731752,
                  -0.0998200997710228,
                  -0.3990881145000458
              ],
              [
                  0.0,
                  0.9999132752418518,
                  0.01317330077290535,
                  0.052667826414108276
              ],
              [
                  0.0,
                  0.0,
                  0.0,
                  1.0
              ]
          ]
      },
      {
          "file_path": "raw/000000018.png",
          "transform_matrix": [
              [
                  0.10995210707187653,
                  0.014105843380093575,
                  -0.9938367605209351,
                  -3.9738752841949463
              ],
              [
                  -0.9939368367195129,
                  0.001560428412631154,
                  -0.1099410429596901,
                  -0.4396013617515564
              ],
              [
                  0.0,
                  0.9998993277549744,
                  0.014191889204084873,
                  0.05674653872847557
              ],
              [
                  0.0,
                  0.0,
                  0.0,
                  1.0
              ]
          ]
      },
      {
          "file_path": "raw/000000019.png",
          "transform_matrix": [
              [
                  0.12006103247404099,
                  0.01509864628314972,
                  -0.9926517605781555,
                  -3.969994068145752
              ],
              [
                  -0.9927664995193481,
                  0.0018259672215208411,
                  -0.12004715949296951,
                  -0.48011451959609985
              ],
              [
                  0.0,
                  0.9998844265937805,
                  0.015208657830953598,
                  0.06082523986697197
              ],
              [
                  0.0,
                  0.0,
                  0.0,
                  1.0
              ]
          ]
      },
      {
          "file_path": "raw/000000020.png",
          "transform_matrix": [
              [
                  0.13015343248844147,
                  0.016090255230665207,
                  -0.9913633465766907,
                  -3.9648890495300293
              ],
              [
                  -0.9914938807487488,
                  0.002112168585881591,
                  -0.13013631105422974,
                  -0.5204711556434631
              ],
              [
                  0.0,
                  0.9998683333396912,
                  0.016228295862674713,
                  0.06490394473075867
              ],
              [
                  0.0,
                  0.0,
                  0.0,
                  1.0
              ]
          ]
      },
      {
          "file_path": "raw/000000021.png",
          "transform_matrix": [
              [
                  0.14023590087890625,
                  0.01708144135773182,
                  -0.9899707436561584,
                  -3.9584460258483887
              ],
              [
                  -0.9901180863380432,
                  0.002419339260086417,
                  -0.14021503925323486,
                  -0.5606566667556763
              ],
              [
                  0.0,
                  0.9998512268066406,
                  0.01725192181766033,
                  0.06898264586925507
              ],
              [
                  0.0,
                  0.0,
                  0.0,
                  1.0
              ]
          ]
      },
      {
          "file_path": "raw/000000022.png",
          "transform_matrix": [
              [
                  0.15030759572982788,
                  0.01806648261845112,
                  -0.9884741306304932,
                  -3.9520034790039062
              ],
              [
                  -0.988639235496521,
                  0.0027467345353215933,
                  -0.15028250217437744,
                  -0.6008422374725342
              ],
              [
                  -2.3283064365386963e-10,
                  0.9998329877853394,
                  0.018274087458848953,
                  0.07306135445833206
              ],
              [
                  0.0,
                  0.0,
                  0.0,
                  1.0
              ]
          ]
      },
      {
          "file_path": "raw/000000023.png",
          "transform_matrix": [
              [
                  0.16036534309387207,
                  0.01904475688934326,
                  -0.986873984336853,
                  -3.945560932159424
              ],
              [
                  -0.9870576858520508,
                  0.003094164887443185,
                  -0.160335510969162,
                  -0.6410276889801025
              ],
              [
                  0.0,
                  0.9998138546943665,
                  0.01929447054862976,
                  0.07714004814624786
              ],
              [
                  0.0,
                  0.0,
                  0.0,
                  1.0
              ]
          ]
      },
      {
          "file_path": "raw/000000024.png",
          "transform_matrix": [
              [
                  0.17040607333183289,
                  0.020015660673379898,
                  -0.9851706027984619,
                  -3.9391181468963623
              ],
              [
                  -0.985373854637146,
                  0.0034614175092428923,
                  -0.1703709363937378,
                  -0.6812132596969604
              ],
              [
                  -2.3283062977608182e-10,
                  0.9997937083244324,
                  0.020312754437327385,
                  0.08121876418590546
              ],
              [
                  0.0,
                  0.0,
                  0.0,
                  1.0
              ]
          ]
      },
      {
          "file_path": "raw/000000025.png",
          "transform_matrix": [
              [
                  0.18042662739753723,
                  0.020978575572371483,
                  -0.9833647012710571,
                  -3.932675361633301
              ],
              [
                  -0.983588457107544,
                  0.003848249791190028,
                  -0.18038560450077057,
                  -0.7213987112045288
              ],
              [
                  0.0,
                  0.9997724294662476,
                  0.02132861316204071,
                  0.08529745787382126
              ],
              [
                  0.0,
                  0.0,
                  0.0,
                  1.0
              ]
          ]
      },
      {
          "file_path": "raw/000000026.png",
          "transform_matrix": [
              [
                  0.1904240995645523,
                  0.021937239915132523,
                  -0.9814568161964417,
                  -3.9254603385925293
              ],
              [
                  -0.9817018508911133,
                  0.004255242645740509,
                  -0.19037657976150513,
                  -0.7614351511001587
              ],
              [
                  0.0,
                  0.9997503757476807,
                  0.02234612964093685,
                  0.08937616646289825
              ],
              [
                  0.0,
                  0.0,
                  0.0,
                  1.0
              ]
          ]
      },
      {
          "file_path": "raw/000000027.png",
          "transform_matrix": [
              [
                  0.2004040628671646,
                  0.022897349670529366,
                  -0.9794456958770752,
                  -3.9164819717407227
              ],
              [
                  -0.9797133207321167,
                  0.00468373904004693,
                  -0.20034931600093842,
                  -0.8011311888694763
              ],
              [
                  0.0,
                  0.9997268319129944,
                  0.02337147668004036,
                  0.09345486760139465
              ],
              [
                  0.0,
                  0.0,
                  0.0,
                  1.0
              ]
          ]
      },
      {
          "file_path": "raw/000000028.png",
          "transform_matrix": [
              [
                  0.21036742627620697,
                  0.023848867043852806,
                  -0.9773314595222473,
                  -3.907503604888916
              ],
              [
                  -0.9776223301887512,
                  0.005131863988935947,
                  -0.2103048413991928,
                  -0.840827226638794
              ],
              [
                  0.0,
                  0.9997023940086365,
                  0.024394763633608818,
                  0.09753356873989105
              ],
              [
                  0.0,
                  0.0,
                  0.0,
                  1.0
              ]
          ]
      },
      {
          "file_path": "raw/000000029.png",
          "transform_matrix": [
              [
                  0.22031112015247345,
                  0.024791182950139046,
                  -0.975114643573761,
                  -3.8985252380371094
              ],
              [
                  -0.9754297137260437,
                  0.00559935113415122,
                  -0.22023996710777283,
                  -0.8805232048034668
              ],
              [
                  0.0,
                  0.9996768832206726,
                  0.025415660813450813,
                  0.10161225497722626
              ],
              [
                  0.0,
                  0.0,
                  0.0,
                  1.0
              ]
          ]
      },
      {
          "file_path": "raw/000000030.png",
          "transform_matrix": [
              [
                  0.23023203015327454,
                  0.025723733007907867,
                  -0.9727956652641296,
                  -3.8895468711853027
              ],
              [
                  -0.9731357097625732,
                  0.006085921078920364,
                  -0.23015157878398895,
                  -0.9202193021774292
              ],
              [
                  0.0,
                  0.9996506571769714,
                  0.026433853432536125,
                  0.10569096356630325
              ],
              [
                  0.0,
                  0.0,
                  0.0,
                  1.0
              ]
          ]
      },
      {
          "file_path": "raw/000000031.png",
          "transform_matrix": [
              [
                  0.2401270568370819,
                  0.026645900681614876,
                  -0.970375657081604,
                  -3.880568742752075
              ],
              [
                  -0.9707414507865906,
                  0.006591251585632563,
                  -0.24003656208515167,
                  -0.9599152207374573
              ],
              [
                  -4.656612873077393e-10,
                  0.99962317943573,
                  0.027449017390608788,
                  0.10976964980363846
              ],
              [
                  0.0,
                  0.0,
                  0.0,
                  1.0
              ]
          ]
      },
      {
          "file_path": "raw/000000032.png",
          "transform_matrix": [
              [
                  0.24999305605888367,
                  0.02755950205028057,
                  -0.9678553938865662,
                  -3.8712596893310547
              ],
              [
                  -0.9682475328445435,
                  0.007115622516721487,
                  -0.24989181756973267,
                  -0.9995254278182983
              ],
              [
                  -4.656612040410124e-10,
                  0.9995948076248169,
                  0.028463279828429222,
                  0.11384835839271545
              ],
              [
                  0.0,
                  0.0,
                  0.0,
                  1.0
              ]
          ]
      },
      {
          "file_path": "raw/000000033.png",
          "transform_matrix": [
              [
                  0.2598334848880768,
                  0.028477653861045837,
                  -0.9652334451675415,
                  -3.8597819805145264
              ],
              [
                  -0.9656534194946289,
                  0.007662634365260601,
                  -0.25972050428390503,
                  -1.038572072982788
              ],
              [
                  4.6566125955216364e-10,
                  0.999565064907074,
                  0.029490558430552483,
                  0.11792704463005066
              ],
              [
                  0.0,
                  0.0,
                  0.0,
                  1.0
              ]
          ]
      },
      {
          "file_path": "raw/000000034.png",
          "transform_matrix": [
              [
                  0.2696516215801239,
                  0.029384829103946686,
                  -0.9625094532966614,
                  -3.84830379486084
              ],
              [
                  -0.9629579186439514,
                  0.008228466846048832,
                  -0.26952606439590454,
                  -1.0776187181472778
              ],
              [
                  0.0,
                  0.9995342493057251,
                  0.030515175312757492,
                  0.12200572341680527
              ],
              [
                  0.0,
                  0.0,
                  0.0,
                  1.0
              ]
          ]
      },
      {
          "file_path": "raw/000000035.png",
          "transform_matrix": [
              [
                  0.2794444262981415,
                  0.03028043732047081,
                  -0.9596843123435974,
                  -3.8368263244628906
              ],
              [
                  -0.9601618647575378,
                  0.00881278421729803,
                  -0.27930542826652527,
                  -1.1166656017303467
              ],
              [
                  9.313225191043273e-10,
                  0.9995026588439941,
                  0.031536806374788284,
                  0.12608443200588226
              ],
              [
                  0.0,
                  0.0,
                  0.0,
                  1.0
              ]
          ]
      },
      {
          "file_path": "raw/000000036.png",
          "transform_matrix": [
              [
                  0.28920871019363403,
                  0.031163915991783142,
                  -0.9567586779594421,
                  -3.825348377227783
              ],
              [
                  -0.957266092300415,
                  0.009415226057171822,
                  -0.2890554368495941,
                  -1.1557122468948364
              ],
              [
                  0.0,
                  0.9994699954986572,
                  0.032555125653743744,
                  0.13016311824321747
              ],
              [
                  0.0,
                  0.0,
                  0.0,
                  1.0
              ]
          ]
      },
      {
          "file_path": "raw/000000037.png",
          "transform_matrix": [
              [
                  0.2989414930343628,
                  0.03203471750020981,
                  -0.9537336230278015,
                  -3.813870668411255
              ],
              [
                  -0.9542713761329651,
                  0.010035411454737186,
                  -0.29877302050590515,
                  -1.1947587728500366
              ],
              [
                  0.0,
                  0.9994363784790039,
                  0.0335698127746582,
                  0.13424180448055267
              ],
              [
                  0.0,
                  0.0,
                  0.0,
                  1.0
              ]
          ]
      },
      {
          "file_path": "raw/000000038.png",
          "transform_matrix": [
              [
                  0.3086398243904114,
                  0.032892294228076935,
                  -0.9506101608276367,
                  -3.8023929595947266
              ],
              [
                  -0.9511789083480835,
                  0.010672936215996742,
                  -0.30845528841018677,
                  -1.2338056564331055
              ],
              [
                  0.0,
                  0.9994019269943237,
                  0.03458055481314659,
                  0.13832049071788788
              ],
              [
                  0.0,
                  0.0,
                  0.0,
                  1.0
              ]
          ]
      },
      {
          "file_path": "raw/000000039.png",
          "transform_matrix": [
              [
                  0.3183043897151947,
                  0.03375702723860741,
                  -0.9473873376846313,
                  -3.788557529449463
              ],
              [
                  -0.9479885697364807,
                  0.011334536597132683,
                  -0.31810253858566284,
                  -1.272077202796936
              ],
              [
                  9.313225746154785e-10,
                  0.9993657469749451,
                  0.035609111189842224,
                  0.1423991620540619
              ],
              [
                  0.0,
                  0.0,
                  0.0,
                  1.0
              ]
          ]
      },
      {
          "file_path": "raw/000000040.png",
          "transform_matrix": [
              [
                  0.3279409408569336,
                  0.03460928425192833,
                  -0.9440640211105347,
                  -3.7746262550354004
              ],
              [
                  -0.9446981549263,
                  0.012014209292829037,
                  -0.3277208209037781,
                  -1.3103175163269043
              ],
              [
                  0.0,
                  0.9993287324905396,
                  0.036635275930166245,
                  0.1464778631925583
              ],
              [
                  0.0,
                  0.0,
                  0.0,
                  1.0
              ]
          ]
      },
      {
          "file_path": "raw/000000041.png",
          "transform_matrix": [
              [
                  0.33754634857177734,
                  0.03544766455888748,
                  -0.9406412243843079,
                  -3.760695457458496
              ],
              [
                  -0.9413089156150818,
                  0.012711268849670887,
                  -0.337306946516037,
                  -1.348557472229004
              ],
              [
                  0.0,
                  0.9992906451225281,
                  0.03765784576535225,
                  0.1505565345287323
              ],
              [
                  0.0,
                  0.0,
                  0.0,
                  1.0
              ]
          ]
      },
      {
          "file_path": "raw/000000042.png",
          "transform_matrix": [
              [
                  0.3471178114414215,
                  0.036271654069423676,
                  -0.9371198415756226,
                  -3.7467641830444336
              ],
              [
                  -0.9378215074539185,
                  0.013425302691757679,
                  -0.34685811400413513,
                  -1.3867976665496826
              ],
              [
                  0.0,
                  0.9992517232894897,
                  0.03867650032043457,
                  0.1546352207660675
              ],
              [
                  0.0,
                  0.0,
                  0.0,
                  1.0
              ]
          ]
      },
      {
          "file_path": "raw/000000043.png",
          "transform_matrix": [
              [
                  0.35665223002433777,
                  0.037080734968185425,
                  -0.9335010051727295,
                  -3.73283314704895
              ],
              [
                  -0.9342371821403503,
                  0.014155856333673,
                  -0.3563711941242218,
                  -1.4250378608703613
              ],
              [
                  0.0,
                  0.9992119669914246,
                  0.03969091922044754,
                  0.15871389210224152
              ],
              [
                  0.0,
                  0.0,
                  0.0,
                  1.0
              ]
          ]
      },
      {
          "file_path": "raw/000000044.png",
          "transform_matrix": [
              [
                  0.3661467134952545,
                  0.03787441924214363,
                  -0.9297860264778137,
                  -3.718902111053467
              ],
              [
                  -0.9305570721626282,
                  0.014902464114129543,
                  -0.3658433258533478,
                  -1.46327805519104
              ],
              [
                  -9.313225191043273e-10,
                  0.9991714358329773,
                  0.04070079326629639,
                  0.16279257833957672
              ],
              [
                  0.0,
                  0.0,
                  0.0,
                  1.0
              ]
          ]
      },
      {
          "file_path": "raw/000000045.png",
          "transform_matrix": [
              [
                  0.3756001591682434,
                  0.03867190331220627,
                  -0.9259746074676514,
                  -3.7030746936798096
              ],
              [
                  -0.9267818331718445,
                  0.015672700479626656,
                  -0.3752730190753937,
                  -1.5007582902908325
              ],
              [
                  9.313225746154785e-10,
                  0.9991289973258972,
                  0.04172708839178085,
                  0.16687123477458954
              ],
              [
                  0.0,
                  0.0,
                  0.0,
                  1.0
              ]
          ]
      },
      {
          "file_path": "raw/000000046.png",
          "transform_matrix": [
              [
                  0.38501930236816406,
                  0.03945896774530411,
                  -0.9220646023750305,
                  -3.686746120452881
              ],
              [
                  -0.9229084849357605,
                  0.016461508348584175,
                  -0.3846672475337982,
                  -1.5380381345748901
              ],
              [
                  1.8626450382086546e-09,
                  0.9990856051445007,
                  0.042755015194416046,
                  0.17094993591308594
              ],
              [
                  0.0,
                  0.0,
                  0.0,
                  1.0
              ]
          ]
      },
      {
          "file_path": "raw/000000047.png",
          "transform_matrix": [
              [
                  0.39440175890922546,
                  0.04022994264960289,
                  -0.9180571436882019,
                  -3.6704180240631104
              ],
              [
                  -0.9189380407333374,
                  0.01726640947163105,
                  -0.39402368664741516,
                  -1.575317621231079
              ],
              [
                  0.0,
                  0.9990411996841431,
                  0.04377873241901398,
                  0.17502859234809875
              ],
              [
                  0.0,
                  0.0,
                  0.0,
                  1.0
              ]
          ]
      },
      {
          "file_path": "raw/000000048.png",
          "transform_matrix": [
              [
                  0.40374472737312317,
                  0.04098435118794441,
                  -0.9139531850814819,
                  -3.65408992767334
              ],
              [
                  -0.9148716926574707,
                  0.01808692328631878,
                  -0.4033393859863281,
                  -1.6125972270965576
              ],
              [
                  -1.862645371275562e-09,
                  0.9989959597587585,
                  0.04479792341589928,
                  0.17910724878311157
              ],
              [
                  0.0,
                  0.0,
                  0.0,
                  1.0
              ]
          ]
      },
      {
          "file_path": "raw/000000049.png",
          "transform_matrix": [
              [
                  0.4130452573299408,
                  0.041721731424331665,
                  -0.9097542762756348,
                  -3.6377615928649902
              ],
              [
                  -0.9107104539871216,
                  0.01892254687845707,
                  -0.41261157393455505,
                  -1.6498769521713257
              ],
              [
                  -1.862645149230957e-09,
                  0.9989500045776367,
                  0.04581229016184807,
                  0.18318593502044678
              ],
              [
                  0.0,
                  0.0,
                  0.0,
                  1.0
              ]
          ]
      },
      {
          "file_path": "raw/000000050.png",
          "transform_matrix": [
              [
                  0.42230045795440674,
                  0.042441632598638535,
                  -0.9054617881774902,
                  -3.6214332580566406
              ],
              [
                  -0.9064558744430542,
                  0.019772745668888092,
                  -0.42183735966682434,
                  -1.6871565580368042
